0000000010101110
0000000010100011
0000000010101001
0000000010011001
0000000010100011
0000000010110001
0000000010011101
0000000010010101
0000000010000101
0000000001100000
0000000001100110
0000000001001010
0000000000001101
1111111111100110
1111111111010101
1111111111000111
1111111111111110
1111111111101111
1111111111011111
1111111110110000
1111111111110001
1111111111100110
1111111111001111
1111111111011001
1111111111111101
1111111111011001
0000000000010011
1111111111101101
0000000000111000
1111111111101111
1111111111011000
1111111111110010
0000000000100011
1111111111101001
1111111111111001
1111111111100100
1111111110110111
1111111110100100
1111111111001101
1111111111000111
1111111110111100
1111111111010001
1111111110010001
1111111101111000
1111111100110110
1111111101010001
1111111101101010
1111111101011011
1111111101100111
1111111110000010
1111111110011110
1111111110000100
1111111110101010
1111111110110101
0000000000000111
0000000000101001
0000000001011110
0000000001010110
0000000000100110
0000000001011101
0000000011010110
0000000010111100
0000000010011101
0000000011011010
0000000100101001
0000000011100110
0000000010111110
0000000010101001
0000000011011000
0000000010001010
0000000010110111
0000000001111100
0000000011000010
0000000000100101
1111111111110110
1111111111010110
1111111101111010
1111111101111111
1111111101111110
1111111101001010
1111111100101001
1111111100111011
1111111011011110
1111111100100100
1111111100100000
1111111100011010
1111111100101101
1111111101001011
1111111110000010
1111111110000001
1111111110011110
1111111110100110
1111111111011101
1111111111100100
1111111111000001
0000000000111010
0000000010000000
0000000001100100
0000000001000000
0000000001111010
