00000000000000000000000000000000
00000000000000000000011011100000
00000000000000000000110101100000
00000000000000000001011111010000
00000000000000000010001000010000
00000000000000000011000000000000
00000000000000000011100110100000
00000000000000000100001100110000
00000000000000000100100110010000
00000000000000000100101000010000
00000000000000000100011000110000
00000000000000000100010100010000
00000000000000000011111001110000
00000000000000000011000100110000
00000000000000000010101100000000
00000000000000000010011011110000
00000000000000000010001011010000
00000000000000000001110010110000
00000000000000000001100111000000
00000000000000000000101001110000
00000000000000000000100111110000
00000000000000000000011000000000
00000000000000000000001001110000
11111111111111111111011111110000
11111111111111111111001110010000
11111111111111111111001111010000
11111111111111111111001111100000
11111111111111111111110000000000
11111111111111111111100001100000
11111111111111111111110011010000
00000000000000000000000011000000
00000000000000000000011011100000
00000000000000000000100000010000
00000000000000000000101100000000
00000000000000000000101000110000
00000000000000000000011101110000
00000000000000000000100001100000
00000000000000000000011001000000
11111111111111111111110001000000
11111111111111111111111000110000
11111111111111111111011110010000
11111111111111111110110101000000
11111111111111111110010101110000
11111111111111111110000011100000
11111111111111111101100010110000
11111111111111111101000100000000
11111111111111111100101100100000
11111111111111111011100111010000
11111111111111111011011110100000
11111111111111111011010100010000
11111111111111111011010111110000
11111111111111111011000111000000
11111111111111111011001001110000
11111111111111111011010110100000
11111111111111111011111101100000
11111111111111111100101110110000
11111111111111111101010100110000
11111111111111111101110111010000
11111111111111111110111011010000
11111111111111111111101010010000
00000000000000000000101110010000
00000000000000000001110111110000
00000000000000000010111000010000
00000000000000000011111101110000
00000000000000000100110000100000
00000000000000000101111001000000
00000000000000000110011000010000
00000000000000000110111111110000
00000000000000000111010101110000
00000000000000000111011100010000
00000000000000000111000100110000
00000000000000000110100001110000
00000000000000000110000111110000
00000000000000000101011000000000
00000000000000000100011111000000
00000000000000000011111100100000
00000000000000000010110110010000
00000000000000000001100011000000
00000000000000000000100101100000
11111111111111111111100011010000
11111111111111111110100101100000
11111111111111111101100001000000
11111111111111111100101101010000
11111111111111111011001111100000
11111111111111111010101110000000
11111111111111111010000110010000
11111111111111111001100100000000
11111111111111111001100110100000
11111111111111111001001111010000
11111111111111111001000110010000
11111111111111111000111110000000
11111111111111111001101001100000
11111111111111111001110001100000
11111111111111111010011010000000
11111111111111111011101111100000
11111111111111111100010111110000
11111111111111111101011000100000
11111111111111111110100111100000
11111111111111111111100001100000
